-1.666081101809387  1.666081101809387  5.222395924905269
-1.713673723679062  1.646205513601957  28.56863775297686
-1.761134052386508  1.625084940038042  11.53910448236222
-1.808431171538446  1.602716799418263  1.369622734450501
-1.855534010148129  1.57909925178  27.60546350385415
-1.902411359999626  1.554231204015503  13.52118090212857
-1.949031893154332  1.528112314590896  9.48936034062492
-1.995364179590621  1.500742997862459  13.81736799131629
-2.041376704967542  1.472124427986745  25.95070821578224
-2.08703788850333  1.442258542421339  30.60591270368445
-2.13231610095945  1.411148045013218  17.3055086890547
-2.177179682720781  1.378796408671925  9.339613578891084
-2.221596961962532  1.345207877624966  32.08372325694015
-2.265536272894386  1.310387469253021  18.45301170125779
-2.308965974072278  1.274340975502839  15.86850596258588
-2.351854466768235  1.237074963875824  16.04190127238669
-2.394170213388566  1.198596777990601  22.26796980405929
-2.435881755930733  1.158914537718027  8.87047189477655
-2.476957734469095  1.118037138887358  14.01599914914565
-2.517366905659782  1.075974252562467  27.07833445524824
-2.557078161254849  1.032736323887273  6.018940135818303
-2.596060546615858  0.9883345704997401  33.0085089006696
-2.634283279217042  0.9427809805139998  23.57853521254064
-2.671715767128132  0.8960883100704455  28.61208347804669
-2.708327627466977  0.8482700804537744  9.497190077768705
-2.744088704812019  0.799340574779286  8.41418648688008
-2.778969089564757  0.7493148342478518  28.36437919245996
-2.81293913625225  0.6982086539703017  25.00607785533728
-2.845969481759806  0.6460385783621222  27.83742302220743
-2.878031063483943  0.5928218961096295  17.43527768968473
-2.909095137395776  0.5385766347089622  2.287666581489137
-2.93913329600498  0.4833215545795314  32.72487540428219
-2.968117486214525  0.4270761427536893  33.18559266259219
-2.996020027056403  0.3698606061447017  0.3721705896119147
-3.022813627298595  0.3116958643952605  29.47514770579953
-3.048471402913598  0.2526035423090238  13.27964027060823
-3.072966894398851  0.1926059618678952  22.82941739820358
-3.096274083939475  0.1317261338379373  4.852491144998839
-3.118367412403779  0.06998774896710178  29.99974384711635
-3.139221796162061  0.00741516877809638  12.87066779105215
-3.158812643719303  -0.05596658404002149  2.455973228107972
-3.177115872152426  -0.1201318356377486  30.76232552529837
-3.194107923342836  -0.1850542714045076  20.48187571247036
-3.209765779995104  -0.2507069467573048  7.926289720306785
-3.224066981432689  -0.317062298314256  18.49476988658204
-3.236989639161699  -0.3840921554483017  33.76932248097054
-3.24851245219381  -0.4517677522163465  1.710230677504186
-3.258614722119531  -0.5200597396587154  12.89775364299725
-3.267276367923128  -0.5889381984637483  9.074643451143313
-3.274477940530634  -0.6583726519920193  17.61806769570459
-3.280200637082469  -0.7283320796546214  3.502027143441611
-3.28442631492233  -0.7987849306396249  20.23586375073281
-3.287137505294123  -0.8696991379806928  20.05950532836695
-3.288317426738852  -0.9410421329616739  11.42826643207097
-3.287949998183488  -1.012780859850726  33.86266751014691
-3.286019851714011  -1.084881790957404  14.16866871962045
-3.28251234502492  -1.157310942005947  25.58173644145542
-3.27741357353769  -1.230033887817821  22.24669391136502
-3.270710382180775  -1.303015778296361  25.51194432778712
-3.262390376823915  -1.376221354706288  13.87953894158947
-3.252441935359678  -1.449614966240566  30.50066607463704
-3.240854218425316  -1.523160586867019  2.074335584798551
-3.22761717975816  -1.596821832446899  6.219677530081328
-3.212721576177996  -1.670561978117468  7.150006074846226
-3.196158977189981  -1.744343975930492  32.01224281498322
-3.177921774201879  -1.818130472738374  24.24792333789113
-3.158003189349539  -1.891883828319551  26.0688086273312
-3.136397283924748  -1.965566133734608  20.25909257751358
-3.11309896639976  -2.039139229904424  18.79948694846801
-3.088104000042995  -2.112564726401503  23.2925424628319
-3.061409010120611  -2.185804020445597  23.081193351655
-3.033011490678799  -2.258818316094502  31.03488762382951
-3.002909810901917  -2.33156864362084  17.76284399743161
-2.971103221041724  -2.404015879065512  27.23695983392835
-2.937591857913204  -2.476120763958382  20.27756770587359
-2.902376749952665  -2.547843925196678  20.51680435299845
-2.865459821834026  -2.619145895071401  14.9439276990958
-2.826843898639391  -2.689987131432081  2.718021249545387
-2.786532709580238  -2.760328037979963  13.15354313955061
-2.744530891265772  -2.830128984679707  23.92784669497764
-2.700843990515186  -2.899350328279615  33.82023377458611
-2.655478466710819  -2.96795243293024  26.2737109322237
-2.608441693689416  -3.035895690891203  19.8933037343053
-2.559741961168908  -3.103140543315981  33.13961423434932
-2.509388475708363  -3.169647501104328  13.69362444107771
-2.457391361198998  -3.23537716581196  29.71751772628165
-2.403761658884334  -3.30029025060706  25.01417553890829
-2.348511326907877  -3.364347601263091  16.70502888662602
-2.291653239386855  -3.427510217177394  15.70094005462819
-2.233201185010826  -3.489739272404996  14.89716379732446
-2.173169865164198  -3.550996136696996  0.3905252134455705
-2.111574891571951  -3.611242396532859  32.28041897501387
-2.048432783468033  -3.670439876135971  6.205779661024373
-1.983760964286203  -3.728550658461744  23.04868785064734
-1.917577757873298  -3.785537106147538  10.75581178137954
-1.849902384225149  -3.84136188241369  25.21392543429559
-1.780754954745594  -3.895987971904904  29.26331759143297
-1.710156467029316  -3.949378701461262  5.323379546649725
-1.638128799169392  -4.001497760808157  20.23014775482205
-1.564694703590792  -4.052309223154377  32.73595917638004
-1.489877800411189  -4.101777565687676  26.5703086940223
-1.41370257033079  -4.149867689957123  2.264478524531901
-1.336194347053034  -4.196544942131569  25.83904492232894
-1.257379309238302  -4.241775133123628  7.814357449426732
-1.177284471993034  -4.285524558568545  14.30413505650618
-1.095937677896845  -4.32776001864741  23.22570101019314
-1.013367587570464  -4.368448837744232  15.35272606509851
-0.9296036697875973  -4.407558883926403  14.95833605738416
-0.8446761911340528  -4.445058588238139  0.8326328421628081
-0.758616205217605  -4.480916963796618  1.995392645921295
-0.6714555414324753  -4.515103624680481  20.71546732825585
-0.5832267932823534  -4.547588804600561  29.58816295204385
-0.493963306266241  -4.578343375342692  1.326797658960812
-0.4036991653316032  -4.607338864972581  20.17391637056048
-0.3124691818995036  -4.634547475792781  24.44424197356958
-0.2203088804666316  -4.659942102041942  18.75449421403302
-0.1272544847894007  -4.683496347326569  29.62841344973788
-0.03334290365544806  -4.705184541775634  14.69502367787861
0.06138828375184281  -4.724981758908521  1.809733455413673
0.1569008428900108  -4.742863832206844  11.03261488275653
0.2531558992893807  -4.758807371380874  28.98637615534781
0.3501139543738798  -4.772789778321338  16.8992434229835
0.4477349016643268  -4.784789262727573  33.00161922664444
0.5459780433576203  -4.794784857403062  18.13234613760999
0.6448021072749702  -4.802756433209625  26.71237356493979
0.7441652641719859  -4.808684713671536  34.01454623983436
0.8440251454036292  -4.812551289221142  10.90417140192132
0.9443388609363347  -4.81433863107757  33.53414726942287
1.045063017699764  -4.814030104750358  12.64017857944567
1.146153738270478  -4.811609983159967  3.441759204608513
1.24756667987925  -4.807063459367281  29.27805357099016
1.349257053734098  -4.800376658904413  18.52707866938325
1.451179644650525  -4.791536651699264  7.859161827066827
1.553288830980372  -4.78053146358649  34.86124543194505
1.655538604830751  -4.767350087397672  23.66957220077987
1.757882592563957  -4.751982493623728  4.264473381521839
1.860274075569407  -4.734419640642749  13.46606236921359
1.962666011298491  -4.714653484506599  29.11286098567275
2.06501105455273  -4.692676988279945  9.3202369865968
2.16726157901595  -4.668484130925411  30.45883897805802
2.269369699020715  -4.642069915728885  27.17544236041756
2.371287291539152  -4.613430378259148  1.376670229533859
2.472966018388354  -4.582562593856217  25.06286801560898
2.574357348640131  -4.549464684643029  7.844737644095529
2.67541258122504  -4.514135826055251  3.969108153834336
2.776082867720222  -4.476576252884306  29.63841146118067
2.876319235310691  -4.436787264828825  26.24260757487064
2.976072609913448  -4.39477123155006  22.84753733635456
3.075293839453758  -4.350531597226921  20.17330557537072
3.17393371728277  -4.304072884606635  17.50160539688128
3.271943005725626  -4.255400698547147  13.70791826915326
3.369272459749015  -4.204521729047732  33.62308020631483
3.465872850737201  -4.151443753764378  18.66363210488597
3.56169499036519  -4.096175640006932  28.99737606320005
3.656689754557948  -4.038727346215051  21.90026229057305
3.750808107524291  -3.979109922910335  7.131683310262889
3.844001125853948  -3.917335513122353  3.697451225365669
3.936220022666569  -3.853417352286248  7.851578527381032
4.02741617180093  -3.787369767610201  27.70954751445019
4.117541132032847  -3.719208176911037  29.72094316706542
4.206546671310284  -3.648949086916526  16.14860263864867
4.29438479099375  -3.576610091033396  31.96139661139966
4.381007750090514  -3.502209866580015  26.59159473887281
4.466368089470777  -3.425768171483203  34.51665300684465
4.550418656054021  -3.347305840438816  4.370940788955812
4.633112626953857  -3.266844780535885  28.03550346524151
4.71440353356944  -3.184407966344574  12.73405646257788
4.794245285611692  -3.100019434468321  30.87368422647712
4.872592195052588  -3.013704277560704  19.61832950164994
4.949398999985513  -2.925488637808189  15.16472568729594
5.024620888385045  -2.835399699879688  32.92189282218449
5.098213521754301  -2.74346568334451  17.18054318920127
5.170133058647999  -2.64971583456039  4.025944193186126
5.240336178059616  -2.554180418033465  21.2219063824468
5.308780102660752  -2.456890707252539  25.82997022482209
5.375422621881158  -2.357878974999962  15.86390229957119
5.440222114817622  -2.257178483142008  28.58254018842726
5.503137572960242  -2.154823471901604  16.36167084907467
5.564128622724435  -2.050849148616697  34.85034322948418
5.623155547777168  -1.94529167598788  21.15634477773824
5.680179311146099  -1.838188159818763  34.00255168251351
5.735161577100091  -1.729576636253367  30.49213971969378
5.788064732789894  -1.619496058514695  7.014590570921168
5.838851909637812  -1.507986283148882  20.17243752898707
5.887487004465107  -1.395088055779909  22.95957481996973
5.933934700346199  -1.280842996379703  16.19734568161243
5.978160487178699  -1.165293584058913  0.1479457129941985
6.02013068195835  -1.048483141384019  25.99194997934315
6.059812448748273  -0.9304558182262099  5.799839214184312
6.097173818331766  -0.8112565751483193  1.012471792439748
6.13218370753821  -0.6909311663358999  23.51907391980779
6.164811938231719  -0.569526122078779  1.013096290730026
6.195029255952193  -0.4470887308100825  31.22004209516178
6.222807348198724  -0.3236670207093384  24.15225176963834
6.248118862345359  -0.1993097408769668  32.71209726685881
6.270937423179322  -0.07406634208754735  17.13419922270545
6.291237650052075  0.05201304287063718  16.01967732401663
6.308995173633622  0.1788776192619105  16.42074356402435
6.324186652260692  0.3064759508673173  1.201033365428856
6.336789787869584  0.4347559808383197  9.208439986107388
6.346783341504621  0.5636650529316504  27.48763838358708
6.354147148393319  0.6931499331166047  30.21540049659693
6.358862132579591  0.8231568315459705  11.98721791921965
6.360910321106442  0.9536314248814416  0.2882771650736725
6.360274857739842  1.084518878964365  22.87441017518363
6.35694001622562  1.215763871822306  5.685328364390498
6.350891213071425  1.347310617001828  30.97966120701704
6.342115019846029  1.47910288721754  8.709184978825201
6.330599174988391  1.611084038307672  25.98160049014902
6.316332595119174  1.743197033485776  17.28724131536685
6.299305385847576  1.875384467878182  29.5954353301073
6.279508852066556  2.007588593336975  34.36536621282085
6.256935507729778  2.139751343517431  12.91453445773052
6.231579085103787  2.27181435920944  14.83672944180856
6.203434543489186  2.403719013911681  6.156779034060364
6.172498077404806  2.535406439637467  24.40292245169789
6.138767124229077  2.666817552941065  33.45928447773105
6.102240371293043  2.79789308115308  23.06742901420093
6.062917762419783  2.928573588813102  10.09910431046351
6.02080050390509  3.058799504288351  28.4677054280505
5.975891069934659  3.188511146566152  27.33833463031171
5.928193207433223  3.31764875220846  3.273430768979116
5.877711940341249  3.446152502456543  29.59151783108856
5.824453573315257  3.573962550473354  3.370740163002808
5.768425694847863  3.701019048711652  18.71095593196841
5.709637179804023  3.827262176395452  23.38011428666664
5.648098191370267  3.952632167102222  13.88180691302964
5.583820182413828  4.077069336433506  23.30626035256984
5.516815896248955  4.200514109761285  7.992007376641854
5.447099366807929  4.322907050037441  23.60798677318006
5.374685918214579  4.444188885653492  5.302057996105212
5.299592163758347  4.564300538337947  15.97383211995652
5.221836004267264  4.683183151078257  31.58282045297988
5.141436625878376  4.800778116054652  32.55386556138806
5.058414497204648  4.917027102572637  8.16162288717844
4.972791365897354  5.031872084981428  23.7780758993877
4.884590254603545  5.145255370565073  19.57625267486728
4.793835456318152  5.257119627393414  26.74503566603956
4.700552529130933  5.367407912119576  23.20651274147795
4.604768290368358  5.47606369771111  21.73845516898582
4.50651081013115  5.583030901101506  8.163194587132033
4.405809404228248  5.688253910749097  21.12277702323993
4.302694626508327  5.791677614090196  8.784932213606274
4.197198260590368  5.893247424873359  6.848477631503934
4.089353310994934  5.992909310361675  7.837733824862609
3.979193993678054  6.09060981839014  16.71042799671706
3.866755725970163  6.18629610426492  34.49433798566555
3.752075115922502  6.279915957491583  23.69518879727111
3.635189951063871  6.371417828319368  2.255875245833379
3.516139186570841  6.460750854088506  16.53370373637125
3.394962932854787  6.547864885367801  33.20994796064885
3.271702442569543  6.632710511869552  12.57184182156291
3.146400097043475  6.7152390881292  3.71740294944281
3.019099392140268  6.795402758936979  5.605620219899877
2.889844923552981  6.873154484508924  10.96512592962356
2.758682371536195  6.948448065384743  5.586474482122203
2.625658485081114  7.021238167040196  16.10568952374771
2.490821065539157  7.091480344201565  17.22786160865539
2.354218949699618  7.159131064849966  24.1567706490236
2.215901992327206  7.224147733903434  28.94688768387611
2.075921048165586  7.286488716564761  12.16468737802165
1.934327953413427  7.346113361323116  17.75490419394587
1.791175506679574  7.402982022597741  2.555875825792802
1.646517449424281  7.457056083012018  23.99544872569319
1.500408445893673  7.508297975286447  32.62744518927894
1.352904062554894  7.556671203739116  8.747704683498814
1.204060747039667  7.602140365382446  21.75335420837609
1.053935806604224  7.644671170605126  34.30481000509467
0.9025873861136477  7.684230463428358  24.34899174266136
0.7500744455593007  7.720786241325585  32.11255150114552
0.5964567371178572  7.754307674595159  12.96335714942386
0.4417947817608698  7.784765125275527  16.78090045317648
0.2861498454240762  7.812130165592672  14.69945459909982
0.1295839147457542  7.83637559592978  5.873337908356535
-0.02784032761620358  7.857475462309239  27.1286663324477
-0.1860595280786573  7.875405073377308  34.83884903370191
-0.3450096876291574  7.890141016881998  31.61193765506014
-0.5046261877129261  7.901661175634855  12.31333755486574
-0.6648438165005799  7.909944742947606  10.34810576268073
-0.8255967955259437  7.914972237534819  16.57118914346492
-0.9868188066829165  7.916725517873921  26.24069686998808
-1.14844301957048  7.915187796014194  27.89366383689047
-1.310402119174513  7.91034365082653  26.59369206730701
-1.472628333874874  7.902179040686019  13.51846017177698
-1.635053463766313  7.89068131557964  26.73997198987125
-1.797608909281104  7.875839228631563  18.50859414837557
-1.96022570010176  7.85764294703885  32.90218353984299
-2.12283452435133  7.836084062410545  24.42191328584685
-2.285365758049101  7.811155600503439  23.37146343148168
-2.447749494819331  7.782852030347988  21.41144632753235
-2.609915575840204  7.751169272758195  1.863417930565428
-2.771793620020146  7.716104708219501  4.496001374028985
-2.933313054388911  7.677657184148952  30.8835335221243
-3.094403144690089  7.635827021522214  30.15980986824291
-3.254993026161865  7.590616020862345  28.14400287787059
-3.415011734492829  7.542027467585356  12.25180238972464
-3.574388236939238  7.490066136698043  5.741811041021625
-3.733051463590408  7.434738296843672  7.172966310576767
-3.890930338768292  7.376051713691576  34.88743499886794
-4.047953812547621  7.31401565266688  8.877220382081436
-4.20405089238285  7.248640881016821  12.5780054414271
-4.359150674827712  7.179939669210621  30.63045885981017
-4.513182377333552  7.107925791669917  13.93078581934821
-4.666075370112166  7.032614526827267  31.09115905506974
-4.817759208049176  6.954022656510321  5.306656436461695
-4.968163662653422  6.872168464649804  22.076940652075
-5.117218754028258  6.787071735309544  10.6561471115893
-5.264854782850261  6.698753750037203  10.43555238712588
-5.411002362341116  6.607237284534555  33.9321491925886
-5.555592450218001  6.512546604646669  27.45096730606376
-5.698556380608157  6.4147074616694  33.58593919238629
-5.839825895913013  6.313747086975139  20.7629434860024
-5.979333178607543  6.209694185956831  31.78896471066897
-6.117010882959953  6.102578931290913  14.9271388718778
-6.252792166657564  5.992432955519709  25.01968206575638
-6.386610722323994  5.879289342954568  17.4613971626002
-6.518400808913228  5.763182620901045  23.18918091073924
-6.648097282966155  5.644148750207727  4.897134044518987
-6.775635629714803  5.522225115140915  33.58783513926713
-6.900951994020001  5.397450512587314  28.37676233385801
-7.02398321112785  5.269865140587479  34.00042757840328
-7.144666837230768  5.139510586202796  24.47647815781684
-7.262941179818521  5.006429812719463  31.95341616602323
-7.378745327805067  4.870667146192852  10.08830291928246
-7.492019181416865  4.732268261336243  22.9917440557344
-7.602703481828562  4.591280166757953  12.54776504927769
-7.710739840531777  4.447751189551527  33.15456709313268
-7.81607076842306  4.30173095924362  8.281690099871417
-7.918639704596962  4.153270391104803  26.93177572498378
-8.0183910448305  4.002421668828464  3.896918837633162
-8.11527016974504  3.849238226583751  28.70097401235843
-8.209223472632056  3.693774730448432  20.43697934902136
-8.300198386929239  3.536087059227815  12.79234701707538
-8.388143413333349  3.376232284666669  30.58492012045777
-8.473008146536761  3.214268651060511  30.11726786406712
-8.55474330157416  3.050255554274051  21.55959943718628
-8.633300739766678  2.884253520173655  14.71210517616925
-8.708633494250426  2.716324182481805  7.55839691852002
-8.780695795076538  2.546530260061785  8.370829112037056
-8.849443093870336  2.374935533640543  5.89586141384386
-8.914832088037056  2.201604821978477  3.950509879162049
-8.976820744501909  2.026603957494858  24.26052958799833
-9.035368322972255  1.849999761358424  12.73757900228897
-9.090435398710163  1.67186001805186  31.93675312570121
-9.141983884803455  1.492253449420391  8.397683788413088
-9.189977053923732  1.311249688214182  24.37580127801283
-9.234379559560089  1.128919251134541  34.14106193116825
-9.275157456717256  0.9453335113947405  34.72296299682061
-9.312278222067338  0.7605646708056508  24.2536179359826
-9.345710773544333  0.5746857313975036  13.52131271861911
-9.375425489370961  0.387770466588658  12.15911011080394
-9.401394226507508  0.1998933919129482  22.21858589305601
-9.42359033851262  0.01112973531695962  16.94612808049929
-9.441988692806229  -0.178444592960596  26.53785620357938
-9.456565687324996  -0.3687530309155964  4.155583875659707
-9.467299266560975  -0.5597183956989567  21.46445847945841
-9.474168936974344  -0.7512629149182367  29.11931455288594
-9.477155781771433  -0.9433082583079851  16.7212270674647
-9.476242475039381  -1.135775569755483  24.44013360005772
-9.471413295229173  -1.328585499669309  28.34021512413899
-9.462654137978957  -1.521658237676992  31.53784463617713
-9.449952528269881  -1.714913545638587  2.527489442104836
-9.433297631906937  -1.908270790962313  23.74530857201929
-9.412680266317558  -2.101648980208721  18.3337044667596
-9.388092910661083  -2.294966792968966  27.34058868585903
-9.359529715242349  -2.488142616003519  16.37522985428038
-9.326986510223108  -2.681094577626689  31.4211612886794
-9.2904608136252  -2.873740582322428  14.19599074768921
-9.249951838619626  -3.065998345577221  2.805945597580653
-9.205460500096171  -3.25778542891486  4.473124148475252
-9.156989420508241  -3.449019275118725  22.21684812328387
-9.1045429349883  -3.639617243625744  31.65442375149518
-9.04812709572907  -3.82949664607805  27.9072740815309
-8.987749675626489  -4.018574782016049  16.93206512881433
-8.923420171180359  -4.206768974698295  0.473192691303888
-8.855149804649166  -4.393996607032284  27.81007752901362
-8.782951525455784  -4.580175157600785  30.13379714244996
-8.706840010841038  -4.76522223676826  3.867087934083979
-8.626831665762561  -4.949055622851341  28.38305878034368
-8.542944622036668  -5.131593298337797  10.36074575853477
-8.455198736721183  -5.312753486138139  27.51169078053697
-8.363615589737551  -5.492454685854115  20.24977015263021
-8.268218480731212  -5.6706157100475  9.228958824474477
-8.169032425168822  -5.847155720494137  9.027756502247227
-8.066084149672037  -6.021994264406443  11.80518675458653
-7.959402086587319  -6.195051310608743  10.35750464155815
-7.849016367792058  -6.366247285648948  31.10532242121974
-7.734958817737081  -6.535503109830922  18.73655473829518
-7.61726294572652  -6.702740233151028  15.4104530175322
-7.495963937435921  -6.867880671122993  16.8987789159522
-7.371098645670039  -7.030847040474876  15.24415257615327
-7.242705580362124  -7.191562594701943  6.728657516486004
-7.110824897816655  -7.349951259459534  17.57466129581118
-6.975498389198067  -7.505937667779682  3.942458274268198
-6.836769468268021  -7.659447195095676  14.38798582559767
-6.694683158374569  -7.810405994058332  10.58477624408991
-6.549286078696523  -7.958741029128118  5.854315177477118
-6.400626429746622  -8.104380110927476  33.90400202210671
-6.248753978138097  -8.247251930336983  3.752048022037161
-6.093720040618511  -8.387286092320176  22.88465015377373
